                                                                                
                                                                                
                                                                                
                                11      11                                      
                               1  1    1  1                                     
                               1  1    1  1                                     
                               1  1    1  1                                     
                                11      11                                      
                                                                                
                                                                                
                                      1                                         
                                    1  1 11                                     
                                     11  11                                     
                                                                                
                                                                                
                                     1111                                       
                                    111111                                      
                                   11111111                                     
                                  11      11                                    
                                   11111111                                     
                                    111111                                      
                                     1111                                       
                                                                                
                                                                                
                                                                                